屏蔽边 = ["demo_model_cost_to_order_cost"]
## WO-AB-SATPROJ-DISABLE · session=sims_4831rrmexm18st1z mag=-3 ticks=12
t0: 目标格=90.384615384615  源格(Model.costPressure)=2.926300000000  leadDays=11.000000000000

t | 目标格读数 | Δ目标格 | 源格偏离(t0) | leadDays偏离 | 该格 saturations
1 | 90.384615384615 | 0.000000000000 | 0.010511363625 | 0.000000000000 | []
2 | 90.384615384615 | 0.000000000000 | 0.017133522709 | 0.000000000000 | []
3 | 90.384615384615 | 0.000000000000 | 0.021305482932 | 0.000000000000 | []
4 | 90.384615384615 | 0.000000000000 | 0.023933817872 | 0.000000000000 | []
5 | 90.384615384615 | 0.000000000000 | 0.025589668884 | 0.000000000000 | []
6 | 90.384615384615 | 0.000000000000 | 0.026632855022 | 0.000000000000 | []
7 | 90.384615384615 | 0.000000000000 | 0.027290062289 | 0.000000000000 | []
8 | 90.384615384615 | 0.000000000000 | 0.027704102867 | 0.000000000000 | []
9 | 90.384615384615 | 0.000000000000 | 0.027964948431 | 0.000000000000 | []
10 | 90.384615384615 | 0.000000000000 | 0.028129281137 | 0.000000000000 | []
11 | 90.384615384615 | 0.000000000000 | 0.028232810741 | 0.000000000000 | []
12 | 90.384615384615 | 0.000000000000 | 0.028298034392 | 0.000000000000 | []
DONE 2026-10-05T18:16:40.553Z
