## WO-AB-HOPTRACE2 · 逐跳保留率（偏离量口径，修正版）
> BASE=http://127.0.0.1:4052 · TICKS=12 · 幅度 -3 vs -20 · 输入比 |-20/-3| = 6.6667

── 造三臂（zero 臂取 rest）──
  zero: session=sims_1sqggf0349kt8erz · 13 拍
  mag-3: session=sims_e6p9n4qq9w27par9 · 13 拍
  mag-20: session=sims_z8c1cv3h45rfp3pg · 13 拍

## 表 · t=12 逐跳保留率（rest 由 zero 臂实测）
跳 / 格                                     rest             偏离(-3)           偏离(-20)          偏离比              保留率             
COST.projected                            581.100000       0.009572         0.063811         6.6664           100.00%         
MARGIN.projected                          118.900000       -0.009572        -0.063811        6.6664           100.00%         
costPressure.value                        0.000000         0.001647         0.010981         6.6673           100.01%         

── 零扰动下也不动的格（偏离恒 0）共 10 个 ──
   obj_model_4680-NCM.backlogPriceTop         75.000000
   obj_model_4680-NCM.backlogQtyTop           10.000000
   obj_model_4680-NCM.demandLoad              31.000000
   obj_model_4680-NCM.forecastBias            1.000000
   obj_model_4680-NCM.supplyRisk              0.000000
   obj_order_SO-3391.demandPressure           60.000000
   obj_order_SO-3391.orderChurn               0.000000
   obj_order_SO-3391.qty                      7259.000000
   obj_order_SO-3391.shortageRisk             35.000000
   obj_order_SO-3391.unitPrice                22198.000000

## 表 · 关键格逐拍偏离（看形状）
### obj_model_4680-NCM.costPressure（rest=0.000000）
t   零扰动                  偏离-3                 偏离-20                偏离比                 
0   0.000000             0.000000             0.000000             —                   
1   0.000000             0.010511             0.070076             6.6667              
2   0.000000             0.017134             0.114223             6.6667              
3   0.000000             0.021305             0.142037             6.6667              
4   0.000000             0.023934             0.159559             6.6667              
5   0.000000             0.025590             0.170598             6.6667              
6   0.000000             0.026633             0.177552             6.6667              
7   0.000000             0.027290             0.181934             6.6667              
8   0.000000             0.027704             0.184694             6.6667              
9   0.000000             0.027965             0.186433             6.6667              
10  0.000000             0.028129             0.187529             6.6667              
11  0.000000             0.028233             0.188219             6.6667              
12  0.000000             0.028298             0.188654             6.6667              
### obj_order_SO-3391.costPressure（rest=0.000000）
t   零扰动                  偏离-3                 偏离-20                偏离比                 
0   0.000000             0.000000             0.000000             —                   
1   0.000000             0.000000             0.000000             —                   
2   0.000000             0.002917             0.019446             6.6667              
3   0.000000             0.006592             0.043948             6.6667              
4   0.000000             0.010065             0.067102             6.6667              
5   0.000000             0.012983             0.086552             6.6667              
6   0.000000             0.015280             0.101869             6.6667              
7   0.000000             0.017017             0.113448             6.6667              
8   0.000000             0.018294             0.121959             6.6667              
9   0.000000             0.019213             0.128087             6.6667              
10  0.000000             0.019864             0.132430             6.6667              
11  0.000000             0.020320             0.135470             6.6667              
12  0.000000             0.020637             0.137577             6.6667              
### obj_order_SO-3391.leadDays（rest=14.000000）
t   零扰动                  偏离-3                 偏离-20                偏离比                 
0   14.000000            -3.000000            -20.000000           6.6667              
1   14.000000            -3.000000            -20.000000           6.6667              
2   14.000000            -3.000000            -20.000000           6.6667              
3   14.000000            -3.000000            -20.000000           6.6667              
4   14.000000            -3.000000            -20.000000           6.6667              
5   14.000000            -3.000000            -20.000000           6.6667              
6   14.000000            -3.000000            -20.000000           6.6667              
7   14.000000            -3.000000            -20.000000           6.6667              
8   14.000000            -3.000000            -20.000000           6.6667              
9   14.000000            -3.000000            -20.000000           6.6667              
10  14.000000            -3.000000            -20.000000           6.6667              
11  14.000000            -3.000000            -20.000000           6.6667              
12  14.000000            -3.000000            -20.000000           6.6667              
### MARGIN.projected 逐拍（rest=zero 臂读数）
t   零扰动                  偏离-3                 偏离-20                偏离比                 
0   118.900000           0.000000             0.000000             —                   
1   118.900000           0.000000             0.000000             —                   
2   118.900000           -0.001353            -0.009020            6.6667              
3   118.900000           -0.003058            -0.020384            6.6658              
4   118.900000           -0.004669            -0.031124            6.6661              
5   118.900000           -0.006022            -0.040145            6.6664              
6   118.900000           -0.007087            -0.047249            6.6670              
7   118.900000           -0.007893            -0.052620            6.6667              
8   118.900000           -0.008485            -0.056567            6.6667              
9   118.900000           -0.008911            -0.059410            6.6670              
10  118.900000           -0.009214            -0.061424            6.6664              
11  118.900000           -0.009425            -0.062834            6.6667              
12  118.900000           -0.009572            -0.063811            6.6664              

NOT-MEASURED 说明：凡本报告未给出数字的项，一律按 NOT-MEASURED 读。
DONE 2026-10-06T12:27:33.943Z
