## WO-AB-HOPTRACE2 · 逐跳保留率（偏离量口径，修正版）
> BASE=http://127.0.0.1:4051 · TICKS=12 · 幅度 -3 vs -20 · 输入比 |-20/-3| = 6.6667

── 造三臂（zero 臂取 rest）──
  zero: session=sims_t34yeaqgm4c26d4d · 13 拍
  mag-3: session=sims_rpz1m0tb38papxbs · 13 拍
  mag-20: session=sims_64caxvncs02s4mfg · 13 拍

## 表 · t=12 逐跳保留率（rest 由 zero 臂实测）
跳 / 格                                     rest             偏离(-3)           偏离(-20)          偏离比              保留率             
obj_order_SO-3391.costPressure            90.384615        -8.093106        -8.060698        0.9960           14.94%          
costPressure.value                        22.862938        -0.169523        -0.162324        0.9575           14.36%          
MARGIN.projected                          119.909511       0.985100         0.943266         0.9575           14.36%          
COST.projected                            580.090489       -0.985100        -0.943266        0.9575           14.36%          
obj_customer_cust_14.receivablePressure   15.745200        -1.194639        -1.141201        0.9553           14.33%          

── 零扰动下也不动的格（偏离恒 0）共 10 个 ──
   obj_model_4680-NCM.backlogPriceTop         75.000000
   obj_model_4680-NCM.backlogQtyTop           10.000000
   obj_model_4680-NCM.demandLoad              31.000000
   obj_model_4680-NCM.forecastBias            1.000000
   obj_model_4680-NCM.supplyRisk              0.000000
   obj_order_SO-3391.demandPressure           60.000000
   obj_order_SO-3391.orderChurn               0.000000
   obj_order_SO-3391.qty                      7259.000000
   obj_order_SO-3391.shortageRisk             35.000000
   obj_order_SO-3391.unitPrice                22198.000000

## 表 · 关键格逐拍偏离（看形状）
### obj_model_4680-NCM.costPressure（rest=2.926300）
t   零扰动                  偏离-3                 偏离-20                偏离比                 
0   2.926300             0.000000             0.000000             —                   
1   2.926300             0.010511             0.070076             6.6667              
2   2.926300             0.017134             0.114223             6.6667              
3   2.926300             0.021305             0.142037             6.6667              
4   2.926300             0.023934             0.159559             6.6667              
5   2.926300             0.025590             0.170598             6.6667              
6   2.926300             0.026633             0.177552             6.6667              
7   2.926300             0.027290             0.181934             6.6667              
8   2.926300             0.027704             0.184694             6.6667              
9   2.926300             0.027965             0.186433             6.6667              
10  2.926300             0.028129             0.187529             6.6667              
11  2.926300             0.028233             0.188219             6.6667              
12  2.926300             0.028298             0.188654             6.6667              
### obj_order_SO-3391.costPressure（rest=90.384615）
t   零扰动                  偏离-3                 偏离-20                偏离比                 
0   90.384615            0.000000             0.000000             —                   
1   90.384615            0.000000             0.000000             —                   
2   90.384615            -5.859688            -5.853357            0.9989              
3   90.384615            -7.415625            -7.401282            0.9981              
4   90.384615            -7.882460            -7.861646            0.9974              
5   90.384615            -8.027370            -8.002132            0.9969              
6   90.384615            -8.072724            -8.044665            0.9965              
7   90.384615            -8.086894            -8.057083            0.9963              
8   90.384615            -8.091279            -8.060385            0.9962              
9   90.384615            -8.092608            -8.061042            0.9961              
10  90.384615            -8.092991            -8.061007            0.9960              
11  90.384615            -8.093090            -8.060845            0.9960              
12  90.384615            -8.093106            -8.060698            0.9960              
### obj_order_SO-3391.leadDays（rest=14.000000）
t   零扰动                  偏离-3                 偏离-20                偏离比                 
0   14.000000            -3.000000            -20.000000           6.6667              
1   14.000000            -3.000000            -20.000000           6.6667              
2   14.000000            -3.000000            -20.000000           6.6667              
3   14.000000            -3.000000            -20.000000           6.6667              
4   14.000000            -3.000000            -20.000000           6.6667              
5   14.000000            -3.000000            -20.000000           6.6667              
6   14.000000            -3.000000            -20.000000           6.6667              
7   14.000000            -3.000000            -20.000000           6.6667              
8   14.000000            -3.000000            -20.000000           6.6667              
9   14.000000            -3.000000            -20.000000           6.6667              
10  14.000000            -3.000000            -20.000000           6.6667              
11  14.000000            -3.000000            -20.000000           6.6667              
12  14.000000            -3.000000            -20.000000           6.6667              
### MARGIN.projected 逐拍（rest=zero 臂读数）
t   零扰动                  偏离-3                 偏离-20                偏离比                 
0   118.900000           0.000000             0.000000             —                   
1   118.900000           0.000000             0.000000             —                   
2   118.900000           0.705501             0.699236             0.9911              
3   118.900000           0.898332             0.884241             0.9843              
4   118.900000           0.957951             0.936651             0.9778              
5   119.579682           0.976998             0.949808             0.9722              
6   119.790528           0.983047             0.951332             0.9677              
7   119.864201           0.984866             0.949799             0.9644              
8   119.891497           0.985319             0.947827             0.9619              
9   119.902135           0.985350             0.946136             0.9602              
10  119.906545           0.985270             0.944849             0.9590              
11  119.908527           0.985178             0.943920             0.9581              
12  119.909511           0.985100             0.943266             0.9575              

NOT-MEASURED 说明：凡本报告未给出数字的项，一律按 NOT-MEASURED 读。
DONE 2026-10-05T13:00:26.100Z
