## WO-AB-HOPTRACE2 · 逐跳保留率（偏离量口径，修正版）
> BASE=http://127.0.0.1:4051 · TICKS=12 · 幅度 -1 vs -20 · 输入比 |-20/-1| = 20.0000

── 造三臂（zero 臂取 rest）──
  zero: session=sims_nev8f1qh5snd86e3 · 13 拍
  mag-1: session=sims_vrqzb5q5kzas0zpf · 13 拍
  mag-20: session=sims_ff65255zz54gsvdz · 13 拍

## 表 · t=12 逐跳保留率（rest 由 zero 臂实测）
跳 / 格                                     rest             偏离(-1)           偏离(-20)          偏离比              保留率             
obj_order_SO-3391.costPressure            90.384615        -8.096930        -8.060698        0.9955           4.98%           
costPressure.value                        22.862938        -0.170371        -0.162324        0.9528           4.76%           
MARGIN.projected                          119.909511       0.990028         0.943266         0.9528           4.76%           
COST.projected                            580.090489       -0.990028        -0.943266        0.9528           4.76%           
obj_customer_cust_14.receivablePressure   15.745200        -1.200927        -1.141201        0.9503           4.75%           

── 零扰动下也不动的格（偏离恒 0）共 10 个 ──
   obj_model_4680-NCM.backlogPriceTop         75.000000
   obj_model_4680-NCM.backlogQtyTop           10.000000
   obj_model_4680-NCM.demandLoad              31.000000
   obj_model_4680-NCM.forecastBias            1.000000
   obj_model_4680-NCM.supplyRisk              0.000000
   obj_order_SO-3391.demandPressure           60.000000
   obj_order_SO-3391.orderChurn               0.000000
   obj_order_SO-3391.qty                      7259.000000
   obj_order_SO-3391.shortageRisk             35.000000
   obj_order_SO-3391.unitPrice                22198.000000

## 表 · 关键格逐拍偏离（看形状）
### obj_model_4680-NCM.costPressure（rest=2.926300）
t   零扰动                  偏离-1                 偏离-20                偏离比                 
0   2.926300             0.000000             0.000000             —                   
1   2.926300             0.003504             0.070076             20.0000             
2   2.926300             0.005711             0.114223             20.0000             
3   2.926300             0.007102             0.142037             20.0000             
4   2.926300             0.007978             0.159559             20.0000             
5   2.926300             0.008530             0.170598             20.0000             
6   2.926300             0.008878             0.177552             20.0000             
7   2.926300             0.009097             0.181934             20.0000             
8   2.926300             0.009235             0.184694             20.0000             
9   2.926300             0.009322             0.186433             20.0000             
10  2.926300             0.009376             0.187529             20.0000             
11  2.926300             0.009411             0.188219             20.0000             
12  2.926300             0.009433             0.188654             20.0000             
### obj_order_SO-3391.costPressure（rest=90.384615）
t   零扰动                  偏离-1                 偏离-20                偏离比                 
0   90.384615            0.000000             0.000000             —                   
1   90.384615            0.000000             0.000000             —                   
2   90.384615            -5.860433            -5.853357            0.9988              
3   90.384615            -7.417314            -7.401282            0.9978              
4   90.384615            -7.884913            -7.861646            0.9970              
5   90.384615            -8.030345            -8.002132            0.9965              
6   90.384615            -8.076033            -8.044665            0.9961              
7   90.384615            -8.090410            -8.057083            0.9959              
8   90.384615            -8.094924            -8.060385            0.9957              
9   90.384615            -8.096332            -8.061042            0.9956              
10  90.384615            -8.096765            -8.061007            0.9956              
11  90.384615            -8.096894            -8.060845            0.9955              
12  90.384615            -8.096930            -8.060698            0.9955              
### obj_order_SO-3391.leadDays（rest=14.000000）
t   零扰动                  偏离-1                 偏离-20                偏离比                 
0   14.000000            -1.000000            -20.000000           20.0000             
1   14.000000            -1.000000            -20.000000           20.0000             
2   14.000000            -1.000000            -20.000000           20.0000             
3   14.000000            -1.000000            -20.000000           20.0000             
4   14.000000            -1.000000            -20.000000           20.0000             
5   14.000000            -1.000000            -20.000000           20.0000             
6   14.000000            -1.000000            -20.000000           20.0000             
7   14.000000            -1.000000            -20.000000           20.0000             
8   14.000000            -1.000000            -20.000000           20.0000             
9   14.000000            -1.000000            -20.000000           20.0000             
10  14.000000            -1.000000            -20.000000           20.0000             
11  14.000000            -1.000000            -20.000000           20.0000             
12  14.000000            -1.000000            -20.000000           20.0000             
### MARGIN.projected 逐拍（rest=zero 臂读数）
t   零扰动                  偏离-1                 偏离-20                偏离比                 
0   118.900000           0.000000             0.000000             —                   
1   118.900000           0.000000             0.000000             —                   
2   118.900000           0.706238             0.699236             0.9901              
3   118.900000           0.899990             0.884241             0.9825              
4   118.900000           0.960458             0.936651             0.9752              
5   119.579682           0.980199             0.949808             0.9690              
6   119.790528           0.986781             0.951332             0.9641              
7   119.864201           0.988996             0.949799             0.9604              
8   119.891497           0.989734             0.947827             0.9577              
9   119.902135           0.989969             0.946136             0.9557              
10  119.906545           0.990031             0.944849             0.9544              
11  119.908527           0.990038             0.943920             0.9534              
12  119.909511           0.990028             0.943266             0.9528              

NOT-MEASURED 说明：凡本报告未给出数字的项，一律按 NOT-MEASURED 读。
DONE 2026-10-05T13:13:33.145Z
