## WO-AB-HOPTRACE2 · 逐跳保留率（偏离量口径，修正版）
> BASE=http://127.0.0.1:4051 · TICKS=12 · 幅度 -3 vs -9 · 输入比 |-9/-3| = 3.0000

── 造三臂（zero 臂取 rest）──
  zero: session=sims_7dw8rtvyczfewpt2 · 13 拍
  mag-3: session=sims_4mxhrdhpg32avvn3 · 13 拍
  mag-9: session=sims_4mp2n750bazp26qx · 13 拍

## 表 · t=12 逐跳保留率（rest 由 zero 臂实测）
跳 / 格                                     rest             偏离(-3)           偏离(-9)           偏离比              保留率             
obj_order_SO-3391.costPressure            90.384615        -8.093106        -8.081648        0.9986           33.29%          
MARGIN.projected                          119.909511       0.985100         0.970324         0.9850           32.83%          
COST.projected                            580.090489       -0.985100        -0.970324        0.9850           32.83%          
costPressure.value                        22.862938        -0.169523        -0.166980        0.9850           32.83%          
obj_customer_cust_14.receivablePressure   15.745200        -1.194639        -1.175776        0.9842           32.81%          

── 零扰动下也不动的格（偏离恒 0）共 10 个 ──
   obj_model_4680-NCM.backlogPriceTop         75.000000
   obj_model_4680-NCM.backlogQtyTop           10.000000
   obj_model_4680-NCM.demandLoad              31.000000
   obj_model_4680-NCM.forecastBias            1.000000
   obj_model_4680-NCM.supplyRisk              0.000000
   obj_order_SO-3391.demandPressure           60.000000
   obj_order_SO-3391.orderChurn               0.000000
   obj_order_SO-3391.qty                      7259.000000
   obj_order_SO-3391.shortageRisk             35.000000
   obj_order_SO-3391.unitPrice                22198.000000

## 表 · 关键格逐拍偏离（看形状）
### obj_model_4680-NCM.costPressure（rest=2.926300）
t   零扰动                  偏离-3                 偏离-9                 偏离比                 
0   2.926300             0.000000             0.000000             —                   
1   2.926300             0.010511             0.031534             3.0000              
2   2.926300             0.017134             0.051401             3.0000              
3   2.926300             0.021305             0.063916             3.0000              
4   2.926300             0.023934             0.071801             3.0000              
5   2.926300             0.025590             0.076769             3.0000              
6   2.926300             0.026633             0.079899             3.0000              
7   2.926300             0.027290             0.081870             3.0000              
8   2.926300             0.027704             0.083112             3.0000              
9   2.926300             0.027965             0.083895             3.0000              
10  2.926300             0.028129             0.084388             3.0000              
11  2.926300             0.028233             0.084698             3.0000              
12  2.926300             0.028298             0.084894             3.0000              
### obj_order_SO-3391.costPressure（rest=90.384615）
t   零扰动                  偏离-3                 偏离-9                 偏离比                 
0   90.384615            0.000000             0.000000             —                   
1   90.384615            0.000000             0.000000             —                   
2   90.384615            -5.859688            -5.857453            0.9996              
3   90.384615            -7.415625            -7.410560            0.9993              
4   90.384615            -7.882460            -7.875108            0.9991              
5   90.384615            -8.027370            -8.018452            0.9989              
6   90.384615            -8.072724            -8.062808            0.9988              
7   90.384615            -8.086894            -8.076356            0.9987              
8   90.384615            -8.091279            -8.080358            0.9987              
9   90.384615            -8.092608            -8.081448            0.9986              
10  90.384615            -8.092991            -8.081684            0.9986              
11  90.384615            -8.093090            -8.081690            0.9986              
12  90.384615            -8.093106            -8.081648            0.9986              
### obj_order_SO-3391.leadDays（rest=14.000000）
t   零扰动                  偏离-3                 偏离-9                 偏离比                 
0   14.000000            -3.000000            -9.000000            3.0000              
1   14.000000            -3.000000            -9.000000            3.0000              
2   14.000000            -3.000000            -9.000000            3.0000              
3   14.000000            -3.000000            -9.000000            3.0000              
4   14.000000            -3.000000            -9.000000            3.0000              
5   14.000000            -3.000000            -9.000000            3.0000              
6   14.000000            -3.000000            -9.000000            3.0000              
7   14.000000            -3.000000            -9.000000            3.0000              
8   14.000000            -3.000000            -9.000000            3.0000              
9   14.000000            -3.000000            -9.000000            3.0000              
10  14.000000            -3.000000            -9.000000            3.0000              
11  14.000000            -3.000000            -9.000000            3.0000              
12  14.000000            -3.000000            -9.000000            3.0000              
### MARGIN.projected 逐拍（rest=zero 臂读数）
t   零扰动                  偏离-3                 偏离-9                 偏离比                 
0   118.900000           0.000000             0.000000             —                   
1   118.900000           0.000000             0.000000             —                   
2   118.900000           0.705501             0.703289             0.9969              
3   118.900000           0.898332             0.893358             0.9945              
4   118.900000           0.957951             0.950431             0.9921              
5   119.579682           0.976998             0.967398             0.9902              
6   119.790528           0.983047             0.971848             0.9886              
7   119.864201           0.984866             0.972483             0.9874              
8   119.891497           0.985319             0.972078             0.9866              
9   119.902135           0.985350             0.971500             0.9859              
10  119.906545           0.985270             0.970994             0.9855              
11  119.908527           0.985178             0.970606             0.9852              
12  119.909511           0.985100             0.970324             0.9850              

NOT-MEASURED 说明：凡本报告未给出数字的项，一律按 NOT-MEASURED 读。
DONE 2026-10-05T13:12:37.808Z
