## 轨迹 · BASE=http://127.0.0.1:4054 落点 obj_line_LINE-WS-zigong-winding.blockedPressure（幽灵格 zigong.blockedPressure） TICKS=12
零臂 baseSnapshot[blockedPressure] = 0（核的静息参照 ref = baseSnapshot 值）
zero=sims_y9axgp06rdvmehch mag3=sims_h3bbfgg0eahm413y mag20=sims_zd0g078aq1gagz3s

 t | zero               | +3                  | +20                  | Δ(+3)      | Δ(+20)
  0 | 0                    | 3                    | 20                   | 3                | 20
  1 | 0                    | 1.89                 | 12.6                 | 1.89             | 12.6
  2 | 0                    | 1.1907               | 7.938                | 1.1907           | 7.938
  3 | 0                    | 0.750141             | 5.00094              | 0.750141         | 5.00094
  4 | 0                    | 0.47258883           | 3.1505922            | 0.47258883       | 3.1505922
  5 | 0                    | 0.2977309629         | 1.984873086          | 0.2977309629     | 1.984873086
  6 | 0                    | 0.187570506627       | 1.25047004418        | 0.187570506627   | 1.25047004418
  7 | 0                    | 0.118169419175       | 0.787796127833       | 0.118169419175   | 0.787796127833
  8 | 0                    | 0.07444673408        | 0.496311560535       | 0.07444673408    | 0.496311560535
  9 | 0                    | 0.04690144247        | 0.312676283137       | 0.04690144247    | 0.312676283137
 10 | 0                    | 0.029547908756       | 0.196986058376       | 0.029547908756   | 0.196986058376
 11 | 0                    | 0.018615182516       | 0.124101216777       | 0.018615182516   | 0.124101216777
 12 | 0                    | 0.011727564985       | 0.07818376657        | 0.011727564985   | 0.07818376657

被扰动格 t=12: Δ(+3)=0.011727564985 Δ(+20)=0.07818376657 ⇒ 比值 r=6.666667（应 6.6667）

旁格逐拍（zero | +3 | +20）：
  obj_workorder_WO-LINE-WS-zigong-winding-0|releasePressure
   t= 0  0                    0                    0
   t= 1  0                    0.41625              2.775
   t= 2  0                    0.524475             3.4965
   t= 3  0                    0.495628875          3.3041925
   t= 4  0                    0.416328255          2.7755217
   t= 5  0                    0.327858500813       2.18572333875
   t= 6  0                    0.247861026614       1.652406844096
   t= 7  0                    0.182177854561       1.21451903041
   t= 8  0                    0.131168055284       0.874453701895
   t= 9  0                    0.092965359183       0.619769061218
   t=10  0                    0.065075751428       0.433838342852
   t=11  0                    0.04509749574        0.300649971597
   t=12  0                    0.03099427889        0.206628525934
DONE 2026-10-07T08:05:50.596Z
CAPTURED_RC=0
