## WO-2 R2 trace · BASE=http://127.0.0.1:4053 · TICKS=14 · obj_line_LINE-WS-changzhou-assembly.utilPressure · 幅度 0.000001/3

### obj_line_LINE-WS-changzhou-assembly.utilPressure
t   zero                 +0.000001                     +3
0   92.5496              92.549601            95.5496             
1   92.5496              85.311260487852      85.935967020405     
2   92.5496              83.548062316204      83.716754363768     
3   92.5496              83.05251635813       83.101214887758     
4   92.5496              82.907823511045      82.922152214269     
5   92.5496              82.865107928241      82.869347506909     
6   92.5496              82.852456774081      82.853713253036     
7   92.5496              82.84870627148       82.849078834793     
8   92.5496              82.847594099542      82.84770458571      
9   92.5496              82.84726426897       82.847297035799     
10  92.5496              82.847166450536      82.847176168302     
11  92.5496              82.847137440136      82.847140322176     
12  92.5496              82.847128836388      82.847129691128     
13  92.5496              82.847126284732      82.847126538227     
14  92.5496              82.847125527976      82.847125603156     

### obj_order_SO-900074.costPressure
t   zero                 +0.000001                     +3
0   73                   73                   73                  
1   73                   73                   73                  
2   73                   73                   73                  
3   73                   73                   73                  
4   73                   73.000000000213      73.000640365835     
5   73                   72.998454938627      72.999798576559     
6   73                   72.996505575666      72.997944398345     
7   73                   72.994662613279      72.995942239958     
8   73                   72.99311418283       72.994155443725     
9   73                   72.991894632235      72.992698737134     
10  73                   72.990972570531      72.991572466254     
11  73                   72.990294812416      72.990731531792     
12  73                   72.98980680348       72.990118971282     
13  73                   72.989460914417      72.989680911928     
14  73                   72.989218784945      72.989372082408     

### obj_customer_cust_11.receivablePressure
t   zero                 +0.000001                     +3
0   9.0846               9.0846               9.0846              
1   9.0846               9.0846               9.0846              
2   9.0846               9.0846               9.0846              
3   9.0846               9.0846               9.0846              
4   9.0846               9.0846               9.0846              
5   9.0846               9.084600000003       9.084609620667      
6   8.776530156053       8.776506943511       8.776533190947      
7   8.486579362897       8.486512239802       8.486550392132      
8   8.270414579827       8.270292104962       8.270335365662      
9   8.121793726475       8.121613116835       8.121656014671      
10  8.023268930743       8.023033374029       8.023072480299      
11  7.959121521216       7.958837495063       7.958871144669      
12  7.9177355774         7.917410833064       7.917438593458      
13  7.891152013855       7.890794285362       7.890816464328      
14  7.874106706016       7.873723000969       7.873740278896      

### obj_material_al_foil.priceShock
t   zero                 +0.000001                     +3
0   2                    2                    2                   
1   2                    2                    2                   
2   2                    2                    2                   
3   2                    2                    2                   
4   2                    2                    2                   
5   2                    2                    2                   
6   2                    2                    2                   
7   2                    2                    2                   
8   2                    2                    2                   
9   2                    2                    2                   
10  2                    2                    2                   
11  2                    2                    2                   
12  2                    2                    2                   
13  2                    2                    2                   
14  2                    2                    2                   

DONE 2026-10-07T07:39:31.973Z
