## 轨迹 · BASE=http://127.0.0.1:4052 落点 obj_line_LINE-WS-changzhou-assembly.utilPressure（已归位格 changzhou.utilPressure） TICKS=12
零臂 baseSnapshot[utilPressure] = 0（核的静息参照 ref = baseSnapshot 值）
zero=sims_ngv6wcmnkwcvnwwc mag3=sims_vm9tva2cnsr44axp mag20=sims_v0ey1hpynaspg5m1

 t | zero               | +3                  | +20                  | Δ(+3)      | Δ(+20)
  0 | 0                    | 3                    | 20                   | 3                | 20
  1 | 0                    | 1.89                 | 12.6                 | 1.89             | 12.6
  2 | 0                    | 1.1907               | 7.938                | 1.1907           | 7.938
  3 | 0                    | 0.750141             | 5.00094              | 0.750141         | 5.00094
  4 | 0                    | 0.47258883           | 3.1505922            | 0.47258883       | 3.1505922
  5 | 0                    | 0.2977309629         | 1.984873086          | 0.2977309629     | 1.984873086
  6 | 0                    | 0.187570506627       | 1.25047004418        | 0.187570506627   | 1.25047004418
  7 | 0                    | 0.118169419175       | 0.787796127833       | 0.118169419175   | 0.787796127833
  8 | 0                    | 0.07444673408        | 0.496311560535       | 0.07444673408    | 0.496311560535
  9 | 0                    | 0.04690144247        | 0.312676283137       | 0.04690144247    | 0.312676283137
 10 | 0                    | 0.029547908756       | 0.196986058376       | 0.029547908756   | 0.196986058376
 11 | 0                    | 0.018615182516       | 0.124101216777       | 0.018615182516   | 0.124101216777
 12 | 0                    | 0.011727564985       | 0.07818376657        | 0.011727564985   | 0.07818376657

被扰动格 t=12: Δ(+3)=0.011727564985 Δ(+20)=0.07818376657 ⇒ 比值 r=6.666667（应 6.6667）

旁格逐拍（zero | +3 | +20）：
  obj_line_LINE-WS-changzhou-assembly|blockedPressure
   t= 0  53.1309              53.1309              53.1309
   t= 1  53.1309              53.1309              53.1309
   t= 2  53.1309              53.22212275371       53.7390516914
   t= 3  53.1309              53.303311004512      54.280306696747
   t= 4  53.1309              53.348137865683      54.579152437901
   t= 5  53.1309              53.35899975897       54.651565059798
   t= 6  53.1309              53.346454272226      54.567928481508
   t= 7  53.1309              53.321018868102      54.39835912069
   t= 8  53.1309              53.290599849204      54.19556566138
   t= 9  53.1309              53.260256877854      53.993279185719
   t=10  53.1309              53.232768541308      53.810023608753
   t=11  53.1309              53.209338776809      53.653825178739
   t=12  53.1309              53.19019971527       53.526231435126
DONE 2026-10-07T08:02:12.425Z
CAPTURED_RC=0
