## 轨迹 · BASE=http://127.0.0.1:4054 落点 obj_line_LINE-WS-changzhou-assembly.utilPressure（已归位格 changzhou.utilPressure） TICKS=12
零臂 baseSnapshot[utilPressure] = 0（核的静息参照 ref = baseSnapshot 值）
zero=sims_yxqxn6a929w4wzay mag60=sims_nat9sdzrt3apwqjy mag200=sims_mn8mczaaqgvzc41t

 t | zero               | +60                  | +200                  | Δ(+60)      | Δ(+200)
  0 | 0                    | 60                   | 200                  | 60               | 200
  1 | 0                    | 37.8                 | 91.776315789474      | 37.8             | 91.776315789474
  2 | 0                    | 23.814               | 57.819078947369      | 23.814           | 57.819078947369
  3 | 0                    | 15.00282             | 36.426019736842      | 15.00282         | 36.426019736842
  4 | 0                    | 9.4517766            | 22.94839243421       | 9.4517766        | 22.94839243421
  5 | 0                    | 5.954619258          | 14.457487233552      | 5.954619258      | 14.457487233552
  6 | 0                    | 3.75141013254        | 9.108216957138       | 3.75141013254    | 9.108216957138
  7 | 0                    | 2.3633883835         | 5.738176682997       | 2.3633883835     | 5.738176682997
  8 | 0                    | 1.488934681605       | 3.615051310288       | 1.488934681605   | 3.615051310288
  9 | 0                    | 0.938028849411       | 2.277482325481       | 0.938028849411   | 2.277482325481
 10 | 0                    | 0.590958175129       | 1.434813865053       | 0.590958175129   | 1.434813865053
 11 | 0                    | 0.372303650331       | 0.903932734983       | 0.372303650331   | 0.903932734983
 12 | 0                    | 0.234551299709       | 0.569477623039       | 0.234551299709   | 0.569477623039

被扰动格 t=12: Δ(+60)=0.234551299709 Δ(+200)=0.569477623039 ⇒ 比值 r=2.427945（应 3.3333）

旁格逐拍（zero | +60 | +200）：
  obj_line_LINE-WS-changzhou-assembly|blockedPressure
   t= 0  0                    0                    0
   t= 1  0                    0                    0
   t= 2  0                    1.8244550742         6.081516914
   t= 3  0                    3.448220090236       10.45340739553
   t= 4  0                    4.344757313699       12.515677788054
   t= 5  0                    4.561995179385       12.728423893359
   t= 6  0                    4.311085444518       11.768146775241
   t= 7  0                    3.802377362066       10.215570759252
   t= 8  0                    3.193996984137       8.477800578974
   t= 9  0                    2.587137557151       6.801952787924
   t=10  0                    2.037370826255       5.315546441432
   t=11  0                    1.568775536216       4.067146191097
   t=12  0                    1.185994305381       3.058493042121
DONE 2026-10-07T08:06:38.414Z
CAPTURED_RC=0
