## 轨迹 · BASE=http://127.0.0.1:4052 落点 obj_line_LINE-WS-zigong-winding.blockedPressure（幽灵格 zigong.blockedPressure） TICKS=12
零臂 baseSnapshot[blockedPressure] = 99.9405（核的静息参照 ref = baseSnapshot 值）
zero=sims_25z2averaxa65090 mag3=sims_er4pynjb0hscz9rj mag20=sims_qk1cm7m4t40er31g

 t | zero               | +3                  | +20                  | Δ(+3)      | Δ(+20)
  0 | 99.9405              | 102.9405             | 119.9405             | 3                | 20
  1 | 99.9405              | 87.941463038173      | 90.006475803679      | -11.999036961827 | -9.934024196321
  2 | 99.9405              | 85.252862691459      | 85.692068278215      | -14.687637308541 | -14.248431721785
  3 | 99.9405              | 84.638937046215      | 84.742696444327      | -15.301562953785 | -15.197803555673
  4 | 99.9405              | 84.491513452351      | 84.51662786037       | -15.448986547649 | -15.42387213963
  5 | 99.9405              | 84.455689920986      | 84.46180434447       | -15.484810079014 | -15.47869565553
  6 | 99.9405              | 84.446959892315      | 84.448450642946      | -15.493540107685 | -15.492049357054
  7 | 99.9405              | 84.444830938551      | 84.445194522627      | -15.495669061449 | -15.495305477373
  8 | 99.9405              | 84.444311671543      | 84.444400354747      | -15.496188328457 | -15.496099645253
  9 | 99.9405              | 84.444185013357      | 84.444206644867      | -15.496314986643 | -15.496293355133
 10 | 99.9405              | 84.444154118926      | 84.444159395287      | -15.496345881074 | -15.496340604713
 11 | 99.9405              | 84.444146583146      | 84.444147870158      | -15.496353416854 | -15.496352129842
 12 | 99.9405              | 84.444144745015      | 84.444145058944      | -15.496355254985 | -15.496354941056

被扰动格 t=12: Δ(+3)=-15.496355254985 Δ(+20)=-15.496354941056 ⇒ 比值 r=1.000000（应 6.6667）

旁格逐拍（zero | +3 | +20）：
  obj_workorder_WO-LINE-WS-zigong-winding-0|releasePressure
   t= 0  0                    0                    0
   t= 1  0                    0.41625              2.775
   t= 2  0                    0                    0.36990414276
   t= 3  0                    0                    0
   t= 4  0                    0                    0
   t= 5  0                    0                    0
   t= 6  0                    0                    0
   t= 7  0                    0                    0
   t= 8  0                    0                    0
   t= 9  0                    0                    0
   t=10  0                    0                    0
   t=11  0                    0                    0
   t=12  0                    0                    0
  obj_line_LINE-WS-zigong-winding|utilPressure
   t= 0  0                    0                    0
   t= 1  0                    0                    0
   t= 2  0                    0                    0
   t= 3  0                    0                    0
   t= 4  0                    0                    0
   t= 5  0                    0                    0
   t= 6  0                    0                    0
   t= 7  0                    0                    0
   t= 8  0                    0                    0
   t= 9  0                    0                    0
   t=10  0                    0                    0
   t=11  0                    0                    0
   t=12  0                    0                    0
DONE 2026-10-07T08:01:53.510Z
CAPTURED_RC=0
