## WO-2 R2 trace · BASE=http://127.0.0.1:4053 · TICKS=12 · obj_line_LINE-WS-changzhou-assembly.utilPressure · 幅度 3/20

### obj_line_LINE-WS-changzhou-assembly.utilPressure
t   zero                 +3                     +20
0   92.5496              95.5496              112.5496            
1   92.5496              85.935967020405      88.667188882603     
2   92.5496              83.716754363768      84.415395682463     
3   92.5496              83.101214887758      83.29995608223      
4   92.5496              82.922152214269      82.980380153696     
5   92.5496              82.869347506909      82.886554433926     
6   92.5496              82.853713253036      82.858810960103     
7   92.5496              82.849078834793      82.850590209105     
8   92.5496              82.84770458571       82.848152779378     
9   92.5496              82.847297035799      82.84742995509      
10  92.5496              82.847176168302      82.8472155885       
11  92.5496              82.847140322176      82.847152013188     
12  92.5496              82.847129691128      82.847133158386     

### obj_order_SO-900074.costPressure
t   zero                 +3                     +20
0   73                   73                   73                  
1   73                   73                   73                  
2   73                   73                   73                  
3   73                   73                   73                  
4   73                   73.000640365835      73.004269105569     
5   73                   72.999798576559      73.007239888378     
6   73                   72.997944398345      73.006473265858     
7   73                   72.995942239958      73.003735156365     
8   73                   72.994155443725      73.000589410881     
9   73                   72.992698737134      72.997712527229     
10  73                   72.991572466254      72.99533620021      
11  73                   72.990731531792      72.993483863287     
12  73                   72.990118971282      72.992093082959     

### obj_customer_cust_11.receivablePressure
t   zero                 +3                     +20
0   9.0846               9.0846               9.0846              
1   9.0846               9.0846               9.0846              
2   9.0846               9.0846               9.0846              
3   9.0846               9.0846               9.0846              
4   9.0846               9.0846               9.0846              
5   9.0846               9.084609620667       9.084664137776      
6   8.776530156053       8.776533190947       8.776679332788      
7   8.486579362897       8.486550392132       8.486770596666      
8   8.270414579827       8.270335365662       8.270591172983      
9   8.121793726475       8.121656014671       8.121913835297      
10  8.023268930743       8.023072480299       8.023310232989      
11  7.959121521216       7.958871144669       7.959077474086      
12  7.9177355774         7.917438593458       7.917609931203      

### obj_material_al_foil.priceShock
t   zero                 +3                     +20
0   2                    2                    2                   
1   2                    2                    2                   
2   2                    2                    2                   
3   2                    2                    2                   
4   2                    2                    2                   
5   2                    2                    2                   
6   2                    2                    2                   
7   2                    2                    2                   
8   2                    2                    2                   
9   2                    2                    2                   
10  2                    2                    2                   
11  2                    2                    2                   
12  2                    2                    2                   

DONE 2026-10-07T07:38:02.795Z
